
Variable pointHeight
  Vertex 2.0 0.0 1.999 0.0 2.001 0.0
  Vertex 69.0 43.0 54.0 -34.500504 84.0 120.5005
  Vertex 132.0 -15.443001 131.999 -15.443001 132.001 -15.443001
  Vertex 227.0 37.249466 226.0 -21.62767 228.0 96.1266
  Vertex 308.0 -0.8962784 228.0 -1.7255325 389.0 -0.06702423
  Vertex 567.0 96.1266 474.0 122.66278 660.0 69.59042
  Vertex 1078.3125 -4.6316147 577.125 -17.243965 1579.5 7.980736
  Vertex 2546.4375 65.15674 1731.375 62.63427 3361.5 67.67921
  Vertex 3467.8125 -7.994911 2571.75 8.821556 4389.1875 -24.811378